MEME version 4

ALPHABET= ACGT

MOTIF MX000396 DcuR

letter-probability matrix: alength= 4 w=  15 nsites= 4
 0.250000 0.000000 0.000000 0.750000
 0.250000 0.000000 0.000000 0.750000
 0.250000 0.000000 0.000000 0.750000
 0.250000 0.000000 0.000000 0.750000
 0.750000 0.000000 0.000000 0.250000
 0.500000 0.000000 0.000000 0.500000
 0.000000 0.000000 0.500000 0.500000
 0.500000 0.000000 0.250000 0.250000
 0.750000 0.000000 0.000000 0.250000
 0.250000 0.000000 0.000000 0.750000
 0.250000 0.000000 0.000000 0.750000
 0.500000 0.000000 0.000000 0.500000
 0.500000 0.000000 0.000000 0.500000
 1.000000 0.000000 0.000000 0.000000
 0.750000 0.000000 0.000000 0.250000
URL https://www.prodoric.de/matrix/MX000396.html
