MEME version 4

ALPHABET= ACGT

MOTIF MX000004 Fnr

letter-probability matrix: alength= 4 w=  14 nsites= 22
 0.090909 0.000000 0.000000 0.909091
 0.000000 0.000000 0.045455 0.954545
 0.000000 0.000000 1.000000 0.000000
 0.818182 0.090909 0.045455 0.045455
 0.090909 0.000000 0.090909 0.818182
 0.272727 0.181818 0.136364 0.409091
 0.181818 0.136364 0.045455 0.636364
 0.454545 0.181818 0.090909 0.272727
 0.181818 0.272727 0.227273 0.318182
 0.863636 0.136364 0.000000 0.000000
 0.181818 0.045455 0.045455 0.727273
 0.000000 0.909091 0.000000 0.090909
 0.863636 0.000000 0.045455 0.090909
 0.681818 0.136364 0.045455 0.136364
URL https://www.prodoric.de/matrix/MX000004.html
