MEME version 4

ALPHABET= ACGT

Background letter frequencies
A 0.25 C 0.25 G 0.25 T 0.25

MOTIF NarP_from_RegulonDB
letter-probability matrix: alength= 4 w= 16 nsites= 10 E= 1e-05
 0.1429 0.3571 0.2143 0.2857
 0.2857 0.2143 0.1429 0.3571
 0.2143 0.2143 0.1429 0.4286
 0.4286 0.0714 0.0714 0.4286
 0.3571 0.3571 0.0714 0.2143
 0.2857 0.0714 0.1429 0.5000
 0.4286 0.1429 0.3571 0.0714
 0.2143 0.4286 0.2143 0.1429
 0.1429 0.3571 0.3571 0.1429
 0.0714 0.2857 0.3571 0.2857
 0.2143 0.2143 0.1429 0.4286
 0.3571 0.1429 0.0714 0.4286
 0.2143 0.0714 0.2143 0.5000
 0.3571 0.2143 0.2143 0.2143
 0.2857 0.0714 0.2143 0.4286
 0.1930 0.1930 0.1930 0.4210

