MEME version 4

ALPHABET= ACGT

MOTIF MX000224 NsrR

letter-probability matrix: alength= 4 w=  11 nsites= 6
 1.000000 0.000000 0.000000 0.000000
 1.000000 0.000000 0.000000 0.000000
 0.333333 0.000000 0.666667 0.000000
 0.666667 0.166667 0.000000 0.166667
 0.000000 0.000000 0.166667 0.833333
 0.000000 0.000000 1.000000 0.000000
 0.000000 0.666667 0.000000 0.333333
 1.000000 0.000000 0.000000 0.000000
 0.333333 0.000000 0.000000 0.666667
 0.166667 0.000000 0.000000 0.833333
 0.166667 0.000000 0.000000 0.833333
URL https://www.prodoric.de/matrix/MX000224.html
