MEME version 5.5.4

ALPHABET= ACGT

strands: +

Background letter frequencies (from file dataset with add-one prior applied):
A 0.225 C 0.272 G 0.264 T 0.239

MOTIF WTTATBATTCRTSARACRCWAA MEME-1

letter-probability matrix: alength= 4 w= 22 nsites= 23 E= 9.9e-094
 0.521739  0.000000  0.000000  0.478261 
 0.000000  0.000000  0.000000  1.000000 
 0.000000  0.000000  0.260870  0.739130 
 0.782609  0.000000  0.000000  0.217391 
 0.000000  0.000000  0.043478  0.956522 
 0.000000  0.260870  0.260870  0.478261 
 1.000000  0.000000  0.000000  0.000000 
 0.260870  0.000000  0.000000  0.739130 
 0.260870  0.000000  0.000000  0.739130 
 0.000000  1.000000  0.000000  0.000000 
 0.478261  0.000000  0.521739  0.000000 
 0.000000  0.000000  0.260870  0.739130 
 0.000000  0.260870  0.521739  0.217391 
 0.739130  0.000000  0.260870  0.000000 
 0.521739  0.217391  0.260870  0.000000 
 0.739130  0.000000  0.000000  0.260870 
 0.000000  1.000000  0.000000  0.000000 
 0.478261  0.000000  0.521739  0.000000 
 0.000000  0.782609  0.000000  0.217391 
 0.260870  0.000000  0.217391  0.521739 
 0.739130  0.000000  0.260870  0.000000 
 1.000000  0.000000  0.000000  0.000000